507 490 395 613 708 574 455 714 787 168 125 8 440 826 794 900 555 880 482 805
8
964 152 918 327 65 451 717 454 540 334 403 927 492 871 85 607 137 391 286 609
609
174 992 721 51 356 353 785 323 662 187 779 580 879 368 869 437 170 309 750 721
174
807 943 581 176 434 777 460 761 262 942 420 873 176 194 154 402 653 598 279 538
65
356 219 142 212 704 325 567 711 87 823 712 233 218 743 752 459 223 166 530 253
166
822 421 333 622 307 775 938 255 181 464 253 840 572 673 198 684 379 586 412 444
333
155 729 876 701 441 643 861 121 309 896 738 16 902 176 427 558 889 977 135 115
896
714 445 386 187 740 408 109 36 884 981 382 570 357 684 194 754 12 568 145 683
12
132 823 237 901 500 878 208 616 79 592 215 920 224 429 371 567 374 375 641 124
371
748 60 772 352 403 922 871 713 100 397 428 90 484 311 801 507 797 519 400 220
100